0000000000001111111111111111110000000000
0000000000000011111111111111000000000000
1111111000000001111111111100000000000100
1111111111100000111111111000001111111111
0000000110000000111111111000000100000000
1100011011111000000000000000001011111111
0000000000111111000000000111100000000001
0000000000111111000000000111100000000000
1111111111111110001111100111110000000000
1111111111111110011111110011111111111111
1111111111111100111111111011111111111111
1111111111110001111111111100001111111111
1111111111000111111111111110001111111111
1111111111111111111111111111111111111111
1111111111111100000000000001111111111111
1111111100100000000000000000011111111111
1111111000000000000000000000000111111111
1111111111100000111101111100001111111111
1111111111111111111111111111111111111111
1111111111111111111111111111111111111111
1111101111111111111111111111111111111111
0000000111110000111000000000001110011111
0000000000000000000000000000000000000111
0000000000000000111000011000000000000111
0000000000000000011000100000000000000111
0000000000000000000011110000000111111111
0000111111000000000000000000011111111111
0000111111000000000000000111111111111111
1000111111100000000000000111111111111111
1111111111111110000000001111111111111111